filename,width,height,class,xmin,ymin,xmax,ymax
1411.jpg,152,164,rect,202,109,354,273
1419.jpg,265,261,rect,153,211,418,472
815.jpg,98,41,rect,380,212,478,253
205.jpg,75,47,rect,208,277,283,324
205.jpg,26,20,rect,613,269,639,289
222.jpg,66,33,rect,298,297,364,330
30.jpg,125,83,rect,511,248,636,331
1233.jpg,338,266,rect,236,3,574,269
1320.jpg,130,150,rect,283,52,413,202
1320.jpg,34,30,rect,522,273,556,303
46.jpg,91,90,rect,216,190,307,280
455.jpg,87,50,rect,167,317,254,367
455.jpg,37,26,rect,542,315,579,341
849.jpg,112,212,rect,256,3,368,215
857.jpg,56,81,rect,286,155,342,236
451.jpg,89,122,rect,258,235,347,357
424.jpg,285,128,rect,349,345,634,473
227.jpg,67,36,rect,231,320,298,356
440.jpg,149,264,rect,248,111,397,375
135.jpg,133,122,rect,120,230,253,352
135.jpg,49,127,rect,88,81,137,208
347.jpg,89,78,rect,235,229,324,307
868.jpg,108,64,rect,163,130,271,194
445.jpg,110,173,rect,313,145,423,318
255.jpg,165,94,rect,67,228,232,322
255.jpg,175,98,rect,238,226,413,324
255.jpg,143,102,rect,493,125,636,227
759.jpg,143,81,rect,213,190,356,271
759.jpg,20,56,rect,472,105,492,161
759.jpg,45,39,rect,505,109,550,148
759.jpg,54,40,rect,315,1,369,41
1227.jpg,310,176,rect,7,30,317,206
887.jpg,116,179,rect,348,84,464,263
887.jpg,257,140,rect,5,338,262,478
545.jpg,100,62,rect,310,239,410,301
507.jpg,169,173,rect,96,210,265,383
839.jpg,149,133,rect,236,71,385,204
839.jpg,24,57,rect,460,150,484,207
346.jpg,127,83,rect,205,194,332,277
425.jpg,266,110,rect,289,366,555,476
466.jpg,169,94,rect,84,324,253,418
499.jpg,219,122,rect,247,297,466,419
1485.jpg,127,60,rect,316,262,443,322
1251.jpg,303,334,rect,139,15,442,349
592.jpg,111,86,rect,312,210,423,296
249.jpg,164,108,rect,134,256,298,364
249.jpg,146,92,rect,314,255,460,347
249.jpg,149,90,rect,411,169,560,259
666.jpg,140,121,rect,227,119,367,240
335.jpg,103,76,rect,175,302,278,378
540.jpg,95,59,rect,299,209,394,268
980.jpg,150,101,rect,243,280,393,381
417.jpg,105,69,rect,274,282,379,351
707.jpg,139,77,rect,30,162,169,239
234.jpg,82,40,rect,70,426,152,466
254.jpg,161,98,rect,276,221,437,319
254.jpg,157,93,rect,100,224,257,317
254.jpg,122,108,rect,515,127,637,235
375.jpg,128,110,rect,252,269,380,379
763.jpg,83,67,rect,475,85,558,152
1194.jpg,253,115,rect,221,77,474,192
771.jpg,242,197,rect,81,114,323,311
11.jpg,211,129,rect,408,218,619,347
419.jpg,111,87,rect,294,273,405,360
463.jpg,147,74,rect,74,331,221,405
463.jpg,33,27,rect,571,301,604,328
1282.jpg,318,291,rect,134,1,452,292
663.jpg,114,110,rect,241,134,355,244
427.jpg,94,113,rect,90,310,184,423
333.jpg,88,61,rect,424,272,512,333
1412.jpg,150,170,rect,212,49,362,219
444.jpg,130,200,rect,301,189,431,389
769.jpg,236,180,rect,180,145,416,325
1318.jpg,127,141,rect,282,5,409,146
1232.jpg,386,238,rect,56,7,442,245
662.jpg,114,88,rect,283,185,397,273
70.jpg,197,167,rect,42,43,239,210
1193.jpg,256,118,rect,237,79,493,197
1267.jpg,103,117,rect,264,138,367,255
1466.jpg,232,249,rect,319,124,551,373
798.jpg,214,159,rect,316,156,530,315
1064.jpg,158,67,rect,206,267,364,334
972.jpg,75,65,rect,192,288,267,353
701.jpg,283,163,rect,117,314,400,477
701.jpg,38,137,rect,597,91,635,228
984.jpg,210,171,rect,373,293,583,464
647.jpg,154,171,rect,381,165,535,336
841.jpg,90,159,rect,224,46,314,205
687.jpg,122,99,rect,407,182,529,281
379.jpg,164,113,rect,226,335,390,448
462.jpg,122,65,rect,129,298,251,363
462.jpg,37,26,rect,572,255,609,281
817.jpg,117,123,rect,345,9,462,132
817.jpg,55,106,rect,1,94,56,200
817.jpg,36,45,rect,559,78,595,123
640.jpg,177,218,rect,196,170,373,388
487.jpg,163,149,rect,471,194,634,343
1321.jpg,126,157,rect,266,63,392,220
674.jpg,129,105,rect,318,187,447,292
1415.jpg,189,157,rect,63,2,252,159
447.jpg,119,168,rect,377,202,496,370
1278.jpg,266,277,rect,236,17,502,294
470.jpg,205,113,rect,38,361,243,474
541.jpg,99,58,rect,309,198,408,256
401.jpg,132,92,rect,255,254,387,346
700.jpg,279,157,rect,76,319,355,476
700.jpg,104,130,rect,531,116,635,246
250.jpg,171,109,rect,208,230,379,339
250.jpg,131,90,rect,372,234,503,324
250.jpg,148,90,rect,476,154,624,244
148.jpg,139,124,rect,264,265,403,389
148.jpg,48,132,rect,217,113,265,245
132.jpg,134,118,rect,120,240,254,358
132.jpg,50,125,rect,89,84,139,209
845.jpg,76,150,rect,262,35,338,185
1275.jpg,211,260,rect,237,111,448,371
45.jpg,90,83,rect,219,200,309,283
590.jpg,118,84,rect,307,214,425,298
1052.jpg,245,166,rect,120,173,365,339
1258.jpg,164,240,rect,298,148,462,388
596.jpg,165,131,rect,25,231,190,362
332.jpg,83,58,rect,362,293,445,351
767.jpg,238,165,rect,195,143,433,308
668.jpg,162,134,rect,185,122,347,256
665.jpg,137,117,rect,199,154,336,271
340.jpg,145,93,rect,216,223,361,316
60.jpg,117,99,rect,183,137,300,236
143.jpg,130,108,rect,127,259,257,367
143.jpg,48,130,rect,85,100,133,230
381.jpg,226,123,rect,10,354,236,477
704.jpg,217,169,rect,207,293,424,462
704.jpg,36,34,rect,288,214,324,248
549.jpg,95,57,rect,369,193,464,250
1464.jpg,214,175,rect,354,155,568,330
1358.jpg,84,99,rect,324,212,408,311
371.jpg,104,79,rect,73,374,177,453
274.jpg,292,182,rect,2,99,294,281
274.jpg,17,66,rect,621,183,638,249
1225.jpg,303,199,rect,242,77,545,276
842.jpg,89,151,rect,154,26,243,177
852.jpg,134,191,rect,305,53,439,244
858.jpg,68,65,rect,241,176,309,241
534.jpg,101,47,rect,315,191,416,238
681.jpg,165,129,rect,259,99,424,228
8.jpg,202,120,rect,413,211,615,331
63.jpg,126,119,rect,129,115,255,234
1239.jpg,293,313,rect,281,26,574,339
1196.jpg,281,105,rect,211,81,492,186
1410.jpg,153,162,rect,122,84,275,246
1314.jpg,116,144,rect,196,97,312,241
1314.jpg,23,29,rect,428,317,451,346
686.jpg,171,142,rect,235,82,406,224
399.jpg,132,98,rect,251,282,383,380
494.jpg,242,143,rect,53,209,295,352
4.jpg,145,100,rect,487,215,632,315
573.jpg,156,133,rect,274,54,430,187
573.jpg,99,151,rect,86,67,185,218
490.jpg,288,166,rect,13,244,301,410
366.jpg,72,71,rect,124,285,196,356
1263.jpg,78,104,rect,295,130,373,234
247.jpg,188,124,rect,22,229,210,353
247.jpg,141,103,rect,220,230,361,333
247.jpg,116,95,rect,303,149,419,244
247.jpg,24,44,rect,562,188,586,232
327.jpg,79,58,rect,256,242,335,300
36.jpg,138,84,rect,501,253,639,337
273.jpg,307,163,rect,86,110,393,273
689.jpg,135,97,rect,418,194,553,291
844.jpg,80,141,rect,222,4,302,145
870.jpg,96,55,rect,260,146,356,201
1230.jpg,292,275,rect,48,36,340,311
312.jpg,128,76,rect,304,221,432,297
1057.jpg,393,210,rect,42,196,435,406
317.jpg,144,92,rect,383,294,527,386
855.jpg,57,75,rect,292,149,349,224
373.jpg,104,93,rect,228,332,332,425
491.jpg,275,156,rect,24,224,299,380
1058.jpg,353,199,rect,84,195,437,394
546.jpg,86,50,rect,305,223,391,273
1362.jpg,110,139,rect,211,239,321,378
886.jpg,251,140,rect,3,340,254,480
886.jpg,144,182,rect,335,81,479,263
488.jpg,299,174,rect,10,270,309,444
587.jpg,168,139,rect,293,66,461,205
587.jpg,185,246,rect,3,3,188,249
206.jpg,77,51,rect,231,275,308,326
367.jpg,81,78,rect,220,342,301,420
1055.jpg,271,150,rect,60,181,331,331
1317.jpg,132,152,rect,277,16,409,168
1246.jpg,375,451,rect,259,6,634,457
207.jpg,79,52,rect,259,301,338,353
442.jpg,142,227,rect,360,133,502,360
1241.jpg,282,325,rect,287,42,569,367
438.jpg,196,314,rect,31,96,227,410
1048.jpg,336,230,rect,74,137,410,367
260.jpg,283,144,rect,213,130,496,274
694.jpg,59,60,rect,259,245,318,305
694.jpg,121,82,rect,148,339,269,421
228.jpg,69,36,rect,225,315,294,351
1366.jpg,198,261,rect,322,29,520,290
1056.jpg,275,168,rect,60,174,335,342
265.jpg,309,172,rect,163,124,472,296
1247.jpg,382,427,rect,253,8,635,435
578.jpg,145,158,rect,97,16,242,174
1409.jpg,114,131,rect,242,111,356,242
492.jpg,262,156,rect,52,286,314,442
671.jpg,162,119,rect,245,196,407,315
476.jpg,94,80,rect,227,270,321,350
134.jpg,139,119,rect,115,234,254,353
134.jpg,46,126,rect,89,82,135,208
237.jpg,144,99,rect,197,223,341,322
237.jpg,88,71,rect,235,150,323,221
237.jpg,30,82,rect,338,220,368,302
237.jpg,17,40,rect,388,192,405,232
1270.jpg,135,161,rect,292,129,427,290
555.jpg,88,53,rect,246,223,334,276
847.jpg,125,187,rect,125,4,250,191
648.jpg,217,189,rect,218,154,435,343
29.jpg,177,139,rect,459,275,636,414
10.jpg,198,126,rect,413,211,611,337
384.jpg,175,114,rect,139,327,314,441
1265.jpg,94,118,rect,329,129,423,247
344.jpg,176,106,rect,13,203,189,309
398.jpg,136,105,rect,299,292,435,397
1237.jpg,273,317,rect,216,17,489,334
412.jpg,150,86,rect,211,261,361,347
1306.jpg,281,265,rect,130,3,411,268
969.jpg,89,79,rect,256,208,345,287
377.jpg,148,112,rect,322,358,470,470
840.jpg,104,172,rect,266,35,370,207
768.jpg,235,179,rect,166,151,401,330
698.jpg,75,78,rect,274,195,349,273
698.jpg,190,128,rect,91,318,281,446
1062.jpg,164,78,rect,202,256,366,334
38.jpg,127,82,rect,508,253,635,335
403.jpg,199,134,rect,371,271,570,405
261.jpg,299,153,rect,209,121,508,274
703.jpg,251,173,rect,216,305,467,478
703.jpg,37,30,rect,294,233,331,263
133.jpg,133,127,rect,121,228,254,355
133.jpg,55,125,rect,83,89,138,214
983.jpg,181,137,rect,202,291,383,428
874.jpg,65,109,rect,309,5,374,114
874.jpg,120,119,rect,179,130,299,249
874.jpg,144,112,rect,32,8,176,120
34.jpg,128,82,rect,507,247,635,329
316.jpg,136,96,rect,315,187,451,283
318.jpg,147,76,rect,377,215,524,291
1325.jpg,165,177,rect,230,2,395,179
323.jpg,105,61,rect,494,290,599,351
1408.jpg,105,115,rect,254,149,359,264
418.jpg,98,77,rect,269,283,367,360
35.jpg,131,83,rect,507,251,638,334
459.jpg,112,50,rect,91,428,203,478
459.jpg,33,27,rect,525,401,558,428
62.jpg,124,117,rect,158,109,282,226
420.jpg,115,80,rect,365,274,480,354
1063.jpg,170,72,rect,204,265,374,337
141.jpg,142,112,rect,154,263,296,375
141.jpg,54,141,rect,105,106,159,247
138.jpg,134,104,rect,188,258,322,362
138.jpg,52,137,rect,137,98,189,235
226.jpg,72,35,rect,230,306,302,341
461.jpg,107,63,rect,206,402,313,465
413.jpg,144,87,rect,163,305,307,392
453.jpg,83,111,rect,301,172,384,283
699.jpg,132,118,rect,435,154,567,272
699.jpg,263,135,rect,5,343,268,478
1312.jpg,115,144,rect,241,20,356,164
1312.jpg,26,28,rect,465,253,491,281
656.jpg,188,155,rect,237,122,425,277
538.jpg,98,54,rect,332,219,430,273
414.jpg,132,84,rect,165,268,297,352
1253.jpg,330,340,rect,189,8,519,348
875.jpg,72,76,rect,301,3,373,79
875.jpg,130,115,rect,169,101,299,216
875.jpg,150,81,rect,5,4,155,85
58.jpg,115,100,rect,139,134,254,234
1305.jpg,251,269,rect,188,55,439,324
49.jpg,86,85,rect,217,210,303,295
853.jpg,126,188,rect,314,108,440,296
500.jpg,226,146,rect,360,274,586,420
330.jpg,87,53,rect,356,268,443,321
976.jpg,92,64,rect,468,395,560,459
676.jpg,185,137,rect,66,203,251,340
68.jpg,195,170,rect,1,41,196,211
51.jpg,97,86,rect,154,187,251,273
243.jpg,172,131,rect,86,230,258,361
243.jpg,73,92,rect,274,249,347,341
243.jpg,89,78,rect,258,173,347,251
243.jpg,17,44,rect,441,223,458,267
387.jpg,154,124,rect,291,273,445,397
693.jpg,113,80,rect,98,241,211,321
693.jpg,68,67,rect,191,155,259,222
235.jpg,92,33,rect,30,415,122,448
1243.jpg,333,370,rect,197,3,530,373
308.jpg,133,75,rect,89,254,222,329
823.jpg,142,128,rect,341,50,483,178
823.jpg,60,42,rect,567,115,627,157
208.jpg,81,47,rect,270,282,351,329
1461.jpg,177,141,rect,325,147,502,288
267.jpg,298,156,rect,189,122,487,278
15.jpg,191,121,rect,372,220,563,341
835.jpg,95,73,rect,325,129,420,202
835.jpg,15,43,rect,418,167,433,210
762.jpg,95,71,rect,496,85,591,156
212.jpg,102,65,rect,207,281,309,346
878.jpg,87,133,rect,288,28,375,161
878.jpg,207,161,rect,61,169,268,330
1281.jpg,311,287,rect,113,4,424,291
506.jpg,156,170,rect,284,255,440,425
873.jpg,99,50,rect,247,188,346,238
652.jpg,210,173,rect,144,149,354,322
503.jpg,212,238,rect,234,144,446,382
365.jpg,78,72,rect,58,398,136,470
609.jpg,163,120,rect,34,220,197,340
967.jpg,84,67,rect,270,239,354,306
218.jpg,76,33,rect,462,262,538,295
1257.jpg,161,215,rect,289,153,450,368
203.jpg,71,39,rect,271,243,342,282
577.jpg,145,152,rect,96,18,241,170
263.jpg,302,148,rect,195,107,497,255
0.jpg,150,106,rect,462,230,612,336
982.jpg,177,104,rect,235,297,412,401
1360.jpg,91,127,rect,271,180,362,307
705.jpg,199,138,rect,208,337,407,475
705.jpg,28,30,rect,379,250,407,280
404.jpg,182,104,rect,325,288,507,392
328.jpg,83,57,rect,319,266,402,323
1068.jpg,175,100,rect,141,166,316,266
430.jpg,88,115,rect,202,166,290,281
309.jpg,133,73,rect,133,216,266,289
1277.jpg,242,268,rect,202,67,444,335
266.jpg,305,151,rect,174,122,479,273
1413.jpg,155,176,rect,180,1,335,177
1486.jpg,184,80,rect,199,326,383,406
214.jpg,115,72,rect,150,279,265,351
691.jpg,165,114,rect,241,94,406,208
764.jpg,95,64,rect,444,74,539,138
764.jpg,33,49,rect,595,6,628,55
1361.jpg,106,137,rect,223,239,329,376
584.jpg,156,157,rect,81,15,237,172
385.jpg,165,130,rect,216,286,381,416
869.jpg,94,68,rect,242,111,336,179
611.jpg,162,124,rect,12,225,174,349
1228.jpg,273,229,rect,48,34,321,263
608.jpg,163,119,rect,22,223,185,342
757.jpg,171,83,rect,170,170,341,253
757.jpg,27,59,rect,501,68,528,127
757.jpg,52,33,rect,542,82,594,115
338.jpg,145,99,rect,175,293,320,392
1.jpg,152,102,rect,461,229,613,331
388.jpg,147,123,rect,288,263,435,386
378.jpg,149,113,rect,307,319,456,432
1264.jpg,84,100,rect,306,147,390,247
1047.jpg,367,210,rect,21,147,388,357
1047.jpg,231,228,rect,402,116,633,344
669.jpg,162,125,rect,226,126,388,251
3.jpg,112,104,rect,523,226,635,330
311.jpg,125,75,rect,187,206,312,281
1309.jpg,105,128,rect,276,39,381,167
570.jpg,136,171,rect,147,65,283,236
570.jpg,190,147,rect,381,44,571,191
1488.jpg,206,112,rect,290,288,496,400
883.jpg,145,203,rect,322,80,467,283
57.jpg,113,90,rect,125,141,238,231
1405.jpg,89,117,rect,247,110,336,227
1313.jpg,119,138,rect,248,34,367,172
468.jpg,186,106,rect,5,345,191,451
1250.jpg,317,356,rect,134,19,451,375
150.jpg,177,128,rect,353,231,530,359
150.jpg,50,140,rect,307,73,357,213
1455.jpg,102,81,rect,219,196,321,277
1359.jpg,87,104,rect,309,182,396,286
39.jpg,131,87,rect,508,247,639,334
706.jpg,184,167,rect,181,274,365,441
706.jpg,30,22,rect,349,211,379,233
1310.jpg,114,145,rect,301,75,415,220
1271.jpg,137,168,rect,306,99,443,267
716.jpg,251,134,rect,339,90,590,224
423.jpg,223,161,rect,282,304,505,465
232.jpg,79,37,rect,67,337,146,374
24.jpg,109,66,rect,431,292,540,358
1322.jpg,131,156,rect,253,98,384,254
37.jpg,129,86,rect,507,250,636,336
837.jpg,107,93,rect,333,101,440,194
837.jpg,20,50,rect,451,153,471,203
1245.jpg,398,370,rect,229,12,627,382
484.jpg,137,97,rect,253,360,390,457
675.jpg,153,108,rect,263,167,416,275
405.jpg,197,120,rect,321,275,518,395
217.jpg,135,90,rect,148,285,283,375
1454.jpg,97,82,rect,290,133,387,215
1280.jpg,292,312,rect,185,17,477,329
498.jpg,209,127,rect,174,251,383,378
482.jpg,120,86,rect,346,299,466,385
641.jpg,183,205,rect,245,120,428,325
1053.jpg,261,156,rect,76,204,337,360
711.jpg,204,108,rect,411,97,615,205
582.jpg,150,164,rect,91,9,241,173
270.jpg,306,155,rect,188,112,494,267
533.jpg,104,48,rect,338,189,442,237
310.jpg,135,71,rect,159,257,294,328
483.jpg,126,100,rect,312,340,438,440
429.jpg,90,118,rect,220,263,310,381
1319.jpg,121,157,rect,297,50,418,207
224.jpg,61,32,rect,247,309,308,341
672.jpg,172,140,rect,36,129,208,269
248.jpg,169,101,rect,102,232,271,333
248.jpg,145,99,rect,289,225,434,324
248.jpg,137,95,rect,370,143,507,238
761.jpg,93,69,rect,352,195,445,264
761.jpg,45,72,rect,400,5,445,77
761.jpg,18,53,rect,515,122,533,175
761.jpg,47,33,rect,541,131,588,164
14.jpg,190,113,rect,362,229,552,342
383.jpg,211,114,rect,69,361,280,475
395.jpg,134,76,rect,414,318,548,394
59.jpg,121,99,rect,158,138,279,237
610.jpg,173,125,rect,6,223,179,348
1262.jpg,80,99,rect,334,135,414,234
1255.jpg,129,195,rect,267,145,396,340
1308.jpg,102,126,rect,293,33,395,159
981.jpg,171,115,rect,241,303,412,418
702.jpg,252,163,rect,206,302,458,465
702.jpg,23,27,rect,286,227,309,254
220.jpg,65,32,rect,396,280,461,312
682.jpg,182,126,rect,337,92,519,218
313.jpg,135,74,rect,297,255,432,329
643.jpg,194,182,rect,406,126,600,308
337.jpg,128,84,rect,82,279,210,363
460.jpg,110,66,rect,179,332,289,398
460.jpg,23,30,rect,613,333,636,363
593.jpg,118,85,rect,355,202,473,287
209.jpg,93,53,rect,191,299,284,352
370.jpg,99,77,rect,28,302,127,379
7.jpg,152,106,rect,459,230,611,336
974.jpg,80,59,rect,474,411,554,470
145.jpg,137,116,rect,121,254,258,370
145.jpg,51,136,rect,79,98,130,234
2.jpg,133,106,rect,500,237,633,343
56.jpg,105,97,rect,146,135,251,232
571.jpg,179,139,rect,290,44,469,183
571.jpg,148,175,rect,39,46,187,221
710.jpg,184,82,rect,361,121,545,203
572.jpg,183,148,rect,230,46,413,194
572.jpg,116,190,rect,2,42,118,232
272.jpg,301,153,rect,164,113,465,266
1066.jpg,151,78,rect,178,201,329,279
575.jpg,150,143,rect,279,45,429,188
575.jpg,96,160,rect,88,60,184,220
1453.jpg,96,75,rect,167,97,263,172
799.jpg,186,156,rect,270,167,456,323
799.jpg,40,72,rect,524,150,564,222
713.jpg,220,110,rect,292,142,512,252
657.jpg,86,68,rect,151,176,237,244
28.jpg,184,123,rect,452,285,636,408
262.jpg,300,153,rect,217,102,517,255
601.jpg,137,98,rect,142,243,279,341
766.jpg,237,181,rect,204,182,441,363
139.jpg,137,120,rect,157,258,294,378
139.jpg,56,139,rect,104,107,160,246
866.jpg,111,78,rect,140,93,251,171
324.jpg,91,54,rect,399,289,490,343
329.jpg,87,60,rect,373,270,460,330
477.jpg,95,65,rect,220,339,315,404
1307.jpg,96,127,rect,386,59,482,186
1483.jpg,259,210,rect,62,152,321,362
822.jpg,138,123,rect,322,52,460,175
822.jpg,52,42,rect,542,116,594,158
50.jpg,102,89,rect,150,208,252,297
537.jpg,111,46,rect,330,222,441,268
792.jpg,98,89,rect,371,203,469,292
792.jpg,31,53,rect,591,184,622,237
553.jpg,86,55,rect,194,230,280,285
434.jpg,116,166,rect,81,212,197,378
979.jpg,113,79,rect,500,386,613,465
467.jpg,167,91,rect,89,324,256,415
131.jpg,130,116,rect,126,236,256,352
131.jpg,51,133,rect,89,75,140,208
770.jpg,241,182,rect,128,129,369,311
680.jpg,171,123,rect,248,58,419,181
588.jpg,173,210,rect,158,7,331,217
588.jpg,195,142,rect,445,37,640,179
48.jpg,92,89,rect,202,218,294,307
800.jpg,188,152,rect,305,181,493,333
800.jpg,43,66,rect,541,155,584,221
793.jpg,97,75,rect,380,211,477,286
793.jpg,32,58,rect,598,169,630,227
1300.jpg,184,228,rect,279,54,463,282
342.jpg,212,119,rect,40,197,252,316
595.jpg,159,106,rect,74,222,233,328
605.jpg,141,97,rect,154,244,295,341
794.jpg,233,176,rect,205,168,438,344
794.jpg,37,65,rect,539,175,576,240
882.jpg,135,186,rect,166,37,301,223
400.jpg,134,91,rect,239,263,373,354
885.jpg,129,191,rect,330,88,459,279
885.jpg,222,132,rect,5,343,227,475
41.jpg,125,100,rect,509,241,634,341
246.jpg,186,125,rect,59,215,245,340
246.jpg,134,97,rect,250,220,384,317
246.jpg,118,91,rect,297,145,415,236
257.jpg,206,122,rect,273,263,479,385
257.jpg,62,103,rect,205,264,267,367
568.jpg,143,169,rect,168,66,311,235
568.jpg,202,143,rect,419,60,621,203
1269.jpg,128,139,rect,310,137,438,276
786.jpg,219,180,rect,213,206,432,386
786.jpg,42,67,rect,541,212,583,279
581.jpg,142,155,rect,101,20,243,175
1238.jpg,317,322,rect,260,58,577,380
1487.jpg,206,95,rect,173,266,379,361
239.jpg,167,120,rect,106,240,273,360
239.jpg,41,88,rect,282,252,323,340
239.jpg,79,81,rect,214,172,293,253
239.jpg,19,42,rect,367,223,386,265
971.jpg,81,71,rect,105,311,186,382
542.jpg,100,51,rect,328,248,428,299
1470.jpg,185,113,rect,201,265,386,378
380.jpg,200,118,rect,114,306,314,424
268.jpg,300,159,rect,194,112,494,271
591.jpg,108,79,rect,317,218,425,297
863.jpg,85,59,rect,305,164,390,223
843.jpg,76,151,rect,192,6,268,157
1260.jpg,120,188,rect,280,141,400,329
326.jpg,86,55,rect,266,268,352,323
819.jpg,125,113,rect,334,47,459,160
819.jpg,66,43,rect,549,105,615,148
1304.jpg,234,263,rect,261,74,495,337
1223.jpg,355,167,rect,241,108,596,275
1240.jpg,255,329,rect,253,11,508,340
409.jpg,177,107,rect,251,269,428,376
1324.jpg,145,183,rect,267,36,412,219
814.jpg,100,48,rect,391,207,491,255
539.jpg,107,59,rect,339,235,446,294
717.jpg,229,129,rect,230,98,459,227
574.jpg,156,139,rect,275,45,431,184
574.jpg,100,153,rect,85,68,185,221
449.jpg,97,137,rect,353,200,450,337
376.jpg,137,99,rect,304,342,441,441
718.jpg,268,150,rect,368,73,636,223
1457.jpg,130,97,rect,291,198,421,295
129.jpg,134,108,rect,134,238,268,346
129.jpg,57,121,rect,93,87,150,208
1266.jpg,94,120,rect,277,152,371,272
1407.jpg,107,117,rect,193,127,300,244
69.jpg,203,176,rect,14,42,217,218
1465.jpg,235,204,rect,308,153,543,357
655.jpg,189,148,rect,223,144,412,292
242.jpg,164,121,rect,144,234,308,355
242.jpg,74,83,rect,315,250,389,333
242.jpg,87,81,rect,295,173,382,254
242.jpg,19,37,rect,478,226,497,263
658.jpg,104,83,rect,125,263,229,346
604.jpg,142,104,rect,151,242,293,346
1065.jpg,173,66,rect,190,263,363,329
210.jpg,94,51,rect,176,291,270,342
147.jpg,133,118,rect,202,193,335,311
147.jpg,52,127,rect,151,49,203,176
258.jpg,207,128,rect,277,259,484,387
258.jpg,57,114,rect,216,259,273,373
978.jpg,105,84,rect,486,381,591,465
696.jpg,159,103,rect,176,319,335,422
696.jpg,78,78,rect,320,197,398,275
1274.jpg,177,241,rect,230,114,407,355
42.jpg,114,82,rect,522,225,636,307
396.jpg,132,103,rect,326,316,458,419
838.jpg,121,96,rect,342,81,463,177
838.jpg,25,52,rect,483,136,508,188
336.jpg,119,84,rect,111,286,230,370
1061.jpg,291,179,rect,101,183,392,362
1460.jpg,174,127,rect,346,150,520,277
142.jpg,134,107,rect,149,267,283,374
142.jpg,52,138,rect,98,108,150,246
439.jpg,164,269,rect,194,126,358,395
456.jpg,93,61,rect,197,378,290,439
456.jpg,37,33,rect,597,377,634,410
985.jpg,167,134,rect,370,264,537,398
679.jpg,198,147,rect,232,118,430,265
692.jpg,185,167,rect,247,57,432,224
884.jpg,127,186,rect,321,88,448,274
884.jpg,202,123,rect,6,354,208,477
32.jpg,126,85,rect,509,249,635,334
659.jpg,114,89,rect,76,167,190,256
25.jpg,109,66,rect,431,292,540,358
670.jpg,158,122,rect,230,145,388,267
607.jpg,160,111,rect,73,237,233,348
31.jpg,129,94,rect,508,247,637,341
454.jpg,75,44,rect,204,263,279,307
454.jpg,32,24,rect,562,255,594,279
649.jpg,238,199,rect,182,91,420,290
130.jpg,125,112,rect,129,236,254,348
130.jpg,49,135,rect,95,74,144,209
1254.jpg,121,192,rect,272,119,393,311
452.jpg,93,122,rect,311,197,404,319
576.jpg,141,148,rect,97,21,238,169
1248.jpg,495,447,rect,135,30,630,477
1272.jpg,165,200,rect,334,44,499,244
244.jpg,180,124,rect,93,235,273,359
244.jpg,85,93,rect,280,249,365,342
244.jpg,96,84,rect,269,171,365,255
244.jpg,17,36,rect,458,230,475,266
597.jpg,164,126,rect,7,232,171,358
752.jpg,250,123,rect,367,171,617,294
1364.jpg,137,190,rect,206,127,343,317
558.jpg,80,48,rect,443,242,523,290
872.jpg,104,54,rect,230,200,334,254
1244.jpg,327,327,rect,305,76,632,403
1463.jpg,199,154,rect,392,176,591,330
753.jpg,244,112,rect,142,144,386,256
1229.jpg,286,314,rect,92,60,378,374
66.jpg,179,152,rect,29,77,208,229
374.jpg,111,87,rect,281,321,392,408
27.jpg,178,113,rect,443,255,621,368
1261.jpg,76,96,rect,355,166,431,262
760.jpg,106,63,rect,238,211,344,274
760.jpg,47,71,rect,306,1,353,72
760.jpg,19,52,rect,411,129,430,181
760.jpg,39,31,rect,441,141,480,172
1234.jpg,291,303,rect,196,7,487,310
712.jpg,203,113,rect,195,124,398,237
437.jpg,143,180,rect,24,94,167,274
697.jpg,163,114,rect,174,312,337,426
697.jpg,78,75,rect,318,187,396,262
1418.jpg,217,239,rect,176,68,393,307
832.jpg,77,68,rect,319,122,396,190
836.jpg,104,78,rect,333,108,437,186
836.jpg,19,47,rect,446,155,465,202
128.jpg,143,114,rect,125,238,268,352
128.jpg,54,138,rect,96,69,150,207
646.jpg,144,172,rect,339,157,483,329
485.jpg,140,108,rect,304,310,444,418
146.jpg,143,117,rect,129,213,272,330
146.jpg,63,137,rect,73,66,136,203
392.jpg,157,129,rect,171,294,328,423
372.jpg,110,97,rect,151,336,261,433
557.jpg,75,47,rect,321,260,396,307
215.jpg,126,74,rect,103,285,229,359
5.jpg,149,133,rect,490,227,639,360
256.jpg,144,110,rect,85,258,229,368
256.jpg,157,122,rect,236,253,393,375
256.jpg,85,128,rect,550,128,635,256
1414.jpg,173,169,rect,110,5,283,174
709.jpg,173,79,rect,397,104,570,183
52.jpg,90,83,rect,159,159,249,242
475.jpg,92,78,rect,199,372,291,450
325.jpg,82,52,rect,341,275,423,327
67.jpg,183,157,rect,3,69,186,226
543.jpg,96,53,rect,278,228,374,281
664.jpg,142,120,rect,110,135,252,255
1467.jpg,203,261,rect,299,119,502,380
245.jpg,182,126,rect,2,210,184,336
245.jpg,121,100,rect,203,215,324,315
245.jpg,109,91,rect,242,143,351,234
465.jpg,166,86,rect,58,392,224,478
877.jpg,78,126,rect,276,19,354,145
877.jpg,194,151,rect,72,166,266,317
236.jpg,138,114,rect,169,226,307,340
236.jpg,89,74,rect,193,155,282,229
236.jpg,25,88,rect,307,221,332,309
236.jpg,11,34,rect,345,201,356,235
685.jpg,159,116,rect,215,122,374,238
1421.jpg,316,188,rect,212,2,528,190
386.jpg,165,117,rect,267,268,432,385
589.jpg,170,200,rect,150,5,320,205
589.jpg,201,142,rect,423,18,624,160
1231.jpg,336,243,rect,8,15,344,258
230.jpg,76,39,rect,163,320,239,359
415.jpg,126,85,rect,341,312,467,397
43.jpg,126,88,rect,493,217,619,305
1316.jpg,120,152,rect,261,2,381,154
458.jpg,97,62,rect,143,331,240,393
458.jpg,29,25,rect,549,313,578,338
1236.jpg,271,315,rect,235,57,506,372
599.jpg,154,109,rect,77,246,231,355
580.jpg,150,159,rect,93,16,243,175
26.jpg,168,104,rect,450,255,618,359
473.jpg,78,54,rect,225,366,303,420
594.jpg,153,101,rect,403,175,556,276
714.jpg,212,114,rect,274,139,486,253
13.jpg,198,118,rect,407,216,605,334
448.jpg,96,147,rect,294,142,390,289
642.jpg,270,242,rect,213,67,483,309
204.jpg,74,38,rect,229,269,303,307
493.jpg,256,141,rect,62,294,318,435
6.jpg,160,119,rect,475,224,635,343
846.jpg,161,218,rect,128,3,289,221
796.jpg,77,67,rect,387,197,464,264
796.jpg,23,42,rect,597,173,620,215
880.jpg,93,102,rect,369,4,462,106
880.jpg,230,170,rect,101,113,331,283
1242.jpg,292,337,rect,237,1,529,338
1302.jpg,189,219,rect,276,85,465,304
583.jpg,148,158,rect,123,14,271,172
406.jpg,231,122,rect,374,306,605,428
548.jpg,95,49,rect,428,215,523,264
436.jpg,133,186,rect,0,155,133,341
471.jpg,195,129,rect,96,324,291,453
1276.jpg,195,302,rect,214,59,409,361
489.jpg,303,169,rect,7,265,310,434
269.jpg,309,152,rect,186,109,495,261
233.jpg,86,42,rect,3,356,89,398
149.jpg,166,134,rect,333,226,499,360
149.jpg,57,121,rect,277,102,334,223
12.jpg,201,121,rect,402,217,603,338
851.jpg,159,178,rect,356,2,515,180
426.jpg,86,115,rect,278,176,364,291
556.jpg,71,44,rect,250,253,321,297
966.jpg,91,72,rect,280,238,371,310
472.jpg,76,61,rect,234,271,310,332
867.jpg,98,62,rect,150,126,248,188
496.jpg,237,139,rect,102,237,339,376
402.jpg,195,118,rect,430,311,625,429
441.jpg,141,255,rect,314,101,455,356
368.jpg,81,82,rect,412,300,493,382
1226.jpg,264,170,rect,289,94,553,264
1249.jpg,511,448,rect,113,17,624,465
1468.jpg,170,91,rect,321,232,491,323
422.jpg,206,162,rect,340,310,546,472
824.jpg,147,135,rect,347,47,494,182
824.jpg,63,53,rect,574,110,637,163
433.jpg,114,140,rect,67,151,181,291
443.jpg,131,208,rect,328,151,459,359
673.jpg,139,114,rect,206,179,345,293
1235.jpg,300,292,rect,202,9,502,301
55.jpg,100,91,rect,181,134,281,225
888.jpg,126,172,rect,339,104,465,276
888.jpg,254,112,rect,5,365,259,477
791.jpg,92,86,rect,357,224,449,310
791.jpg,30,55,rect,578,202,608,257
660.jpg,117,76,rect,138,169,255,245
973.jpg,74,74,rect,225,294,299,368
667.jpg,158,129,rect,165,143,323,272
508.jpg,190,175,rect,48,229,238,404
600.jpg,146,108,rect,91,246,237,354
579.jpg,157,160,rect,88,16,245,176
1049.jpg,321,234,rect,77,164,398,398
464.jpg,162,90,rect,22,344,184,434
464.jpg,37,28,rect,547,324,584,352
394.jpg,122,75,rect,361,289,483,364
446.jpg,127,170,rect,384,179,511,349
821.jpg,124,116,rect,293,53,417,169
821.jpg,40,50,rect,498,107,538,157
504.jpg,207,227,rect,190,209,397,436
390.jpg,149,110,rect,188,254,337,364
1489.jpg,259,183,rect,89,219,348,402
547.jpg,95,55,rect,346,222,441,277
1059.jpg,360,188,rect,81,200,441,388
382.jpg,235,108,rect,68,361,303,469
502.jpg,223,128,rect,367,212,590,340
708.jpg,144,75,rect,248,134,392,209
229.jpg,72,33,rect,223,313,295,346
1301.jpg,183,220,rect,316,93,499,313
72.jpg,209,191,rect,3,4,212,195
450.jpg,113,138,rect,327,170,440,308
606.jpg,137,106,rect,214,234,351,340
970.jpg,98,72,rect,58,325,156,397
790.jpg,109,93,rect,363,185,472,278
790.jpg,33,57,rect,596,167,629,224
603.jpg,139,101,rect,154,239,293,340
9.jpg,162,88,rect,458,237,620,325
986.jpg,78,59,rect,501,378,579,437
216.jpg,127,83,rect,152,284,279,367
253.jpg,160,99,rect,331,213,491,312
253.jpg,150,80,rect,168,228,318,308
253.jpg,63,105,rect,575,123,638,228
1256.jpg,136,200,rect,271,168,407,368
457.jpg,95,49,rect,144,259,239,308
457.jpg,37,24,rect,522,255,559,279
1458.jpg,126,108,rect,254,155,380,263
486.jpg,172,127,rect,379,342,551,469
788.jpg,111,93,rect,374,179,485,272
788.jpg,28,51,rect,609,150,637,201
536.jpg,111,52,rect,392,224,503,276
271.jpg,311,167,rect,177,100,488,267
1420.jpg,279,259,rect,215,7,494,266
1357.jpg,74,89,rect,241,186,315,275
653.jpg,189,144,rect,172,132,361,276
345.jpg,151,95,rect,112,192,263,287
650.jpg,227,184,rect,149,101,376,285
264.jpg,288,154,rect,166,128,454,282
1365.jpg,186,207,rect,175,76,361,283
54.jpg,101,92,rect,204,127,305,219
474.jpg,91,67,rect,158,306,249,373
480.jpg,115,84,rect,181,348,296,432
602.jpg,135,100,rect,174,237,309,337
677.jpg,210,166,rect,369,87,579,253
1222.jpg,326,221,rect,206,39,532,260
47.jpg,93,83,rect,202,215,295,298
421.jpg,196,168,rect,372,269,568,437
688.jpg,113,108,rect,427,144,540,252
127.jpg,130,111,rect,139,237,269,348
127.jpg,50,140,rect,105,73,155,213
585.jpg,168,154,rect,108,30,276,184
820.jpg,123,114,rect,314,36,437,150
820.jpg,61,37,rect,530,99,591,136
259.jpg,306,154,rect,267,147,573,301
772.jpg,237,186,rect,90,123,327,309
1303.jpg,210,230,rect,278,97,488,327
408.jpg,200,111,rect,303,314,503,425
977.jpg,93,70,rect,476,381,569,451
71.jpg,210,183,rect,29,23,239,206
137.jpg,132,111,rect,119,234,251,345
137.jpg,49,131,rect,86,78,135,209
1478.jpg,163,175,rect,301,137,464,312
469.jpg,188,122,rect,66,275,254,397
1060.jpg,335,203,rect,95,186,430,389
314.jpg,145,74,rect,423,205,568,279
661.jpg,124,96,rect,127,156,251,252
787.jpg,220,181,rect,207,188,427,369
787.jpg,33,63,rect,531,193,564,256
879.jpg,232,165,rect,61,108,293,273
879.jpg,93,102,rect,314,1,407,103
765.jpg,246,195,rect,353,144,599,339
241.jpg,191,120,rect,131,231,322,351
241.jpg,65,82,rect,303,235,368,317
241.jpg,93,76,rect,254,160,347,236
241.jpg,19,39,rect,430,207,449,246
251.jpg,140,83,rect,197,216,337,299
251.jpg,140,86,rect,345,213,485,299
251.jpg,119,86,rect,470,136,589,222
552.jpg,87,54,rect,241,239,328,293
219.jpg,70,29,rect,401,262,471,291
654.jpg,189,141,rect,232,150,421,291
61.jpg,116,104,rect,184,109,300,213
479.jpg,109,74,rect,151,319,260,393
1067.jpg,167,81,rect,153,176,320,257
865.jpg,83,57,rect,265,182,348,239
1490.jpg,435,156,rect,163,238,598,394
1462.jpg,179,141,rect,325,149,504,290
213.jpg,102,54,rect,199,263,301,317
695.jpg,62,64,rect,314,202,376,266
695.jpg,125,88,rect,194,293,319,381
391.jpg,153,134,rect,183,267,336,401
225.jpg,69,30,rect,233,307,302,337
126.jpg,41,122,rect,107,84,148,206
126.jpg,134,118,rect,139,237,273,355
848.jpg,114,202,rect,102,1,216,203
1363.jpg,115,135,rect,186,217,301,352
889.jpg,212,178,rect,3,299,215,477
889.jpg,124,179,rect,286,59,410,238
53.jpg,91,84,rect,180,145,271,229
684.jpg,165,124,rect,296,73,461,197
223.jpg,67,37,rect,277,303,344,340
756.jpg,209,91,rect,89,169,298,260
756.jpg,31,60,rect,484,45,515,105
756.jpg,46,33,rect,532,55,578,88
535.jpg,104,46,rect,332,208,436,254
1252.jpg,310,344,rect,210,6,520,350
393.jpg,167,159,rect,198,309,365,468
389.jpg,151,110,rect,217,285,368,395
428.jpg,87,115,rect,171,249,258,364
1273.jpg,166,217,rect,288,70,454,287
1050.jpg,322,240,rect,50,182,372,422
1326.jpg,160,222,rect,277,21,437,243
544.jpg,91,55,rect,287,210,378,265
550.jpg,87,47,rect,229,214,316,261
1268.jpg,122,136,rect,310,148,432,284
416.jpg,120,83,rect,281,260,401,343
1224.jpg,308,183,rect,220,74,528,257
551.jpg,80,56,rect,254,220,334,276
651.jpg,236,171,rect,109,118,345,289
586.jpg,156,153,rect,220,33,376,186
586.jpg,113,200,rect,3,4,116,204
431.jpg,94,123,rect,242,262,336,385
497.jpg,231,155,rect,160,233,391,388
238.jpg,133,117,rect,216,224,349,341
238.jpg,41,83,rect,356,228,397,311
238.jpg,74,73,rect,281,156,355,229
238.jpg,20,39,rect,430,203,450,242
339.jpg,138,83,rect,221,259,359,342
252.jpg,141,82,rect,80,244,221,326
252.jpg,177,82,rect,229,239,406,321
252.jpg,102,93,rect,495,156,597,249
678.jpg,206,161,rect,270,61,476,222
968.jpg,85,71,rect,245,247,330,318
319.jpg,156,87,rect,415,215,571,302
16.jpg,155,95,rect,460,239,615,334
856.jpg,53,83,rect,323,145,376,228
645.jpg,180,192,rect,357,96,537,288
407.jpg,210,141,rect,324,260,534,401
797.jpg,91,75,rect,373,209,464,284
797.jpg,27,52,rect,587,189,614,241
644.jpg,197,214,rect,378,97,575,311
1311.jpg,119,145,rect,248,27,367,172
881.jpg,130,176,rect,188,8,318,184
881.jpg,92,198,rect,2,264,94,462
481.jpg,135,71,rect,235,409,370,480
683.jpg,167,127,rect,286,78,453,205
1417.jpg,210,233,rect,155,51,365,284
144.jpg,141,120,rect,122,248,263,368
144.jpg,50,137,rect,82,99,132,236
1051.jpg,292,214,rect,114,195,406,409
40.jpg,128,91,rect,508,244,636,335
140.jpg,138,113,rect,165,263,303,376
140.jpg,55,135,rect,115,107,170,242
818.jpg,117,104,rect,353,5,470,109
818.jpg,33,114,rect,2,81,35,195
818.jpg,54,43,rect,572,51,626,94
501.jpg,223,130,rect,341,231,564,361
411.jpg,159,92,rect,260,301,419,393
598.jpg,161,110,rect,54,240,215,350
221.jpg,62,32,rect,355,271,417,303
834.jpg,91,80,rect,324,128,415,208
834.jpg,18,49,rect,412,172,430,221
871.jpg,95,48,rect,227,202,322,250
690.jpg,119,111,rect,301,116,420,227
65.jpg,171,148,rect,69,70,240,218
554.jpg,89,51,rect,185,230,274,281
789.jpg,104,94,rect,369,220,473,314
789.jpg,29,54,rect,601,203,630,257
1406.jpg,94,123,rect,168,112,262,235
569.jpg,185,137,rect,392,54,577,191
569.jpg,137,175,rect,148,44,285,219
397.jpg,158,124,rect,394,283,552,407
341.jpg,212,108,rect,26,182,238,290
1323.jpg,134,160,rect,281,98,415,258
495.jpg,232,145,rect,94,251,326,396
1459.jpg,148,118,rect,369,147,517,265
1315.jpg,131,150,rect,233,25,364,175
876.jpg,176,145,rect,67,134,243,279
876.jpg,79,121,rect,254,5,333,126
478.jpg,102,79,rect,244,366,346,445
348.jpg,112,102,rect,13,301,125,403
754.jpg,244,122,rect,40,159,284,281
850.jpg,136,233,rect,196,4,332,237
33.jpg,127,85,rect,509,245,636,330
331.jpg,78,58,rect,303,283,381,341
1456.jpg,113,89,rect,309,173,422,262
369.jpg,71,73,rect,382,239,453,312
432.jpg,112,129,rect,61,313,173,442
343.jpg,162,99,rect,3,225,165,324
833.jpg,77,68,rect,306,104,383,172
833.jpg,10,44,rect,378,144,388,188
795.jpg,88,83,rect,376,218,464,301
795.jpg,30,52,rect,593,192,623,244
758.jpg,155,83,rect,186,200,341,283
758.jpg,60,43,rect,298,3,358,46
758.jpg,23,49,rect,474,119,497,168
758.jpg,53,44,rect,507,119,560,163
1054.jpg,260,154,rect,108,168,368,322
64.jpg,154,132,rect,111,81,265,213
315.jpg,143,79,rect,381,198,524,277
44.jpg,138,88,rect,481,246,619,334
810.jpg,110,71,rect,146,65,256,136
211.jpg,97,61,rect,185,260,282,321
1279.jpg,273,299,rect,221,23,494,322
1416.jpg,195,245,rect,102,1,297,246
1259.jpg,113,191,rect,287,129,400,320
334.jpg,98,73,rect,521,280,619,353
1469.jpg,174,103,rect,210,257,384,360
240.jpg,158,124,rect,105,223,263,347
240.jpg,54,79,rect,283,235,337,314
240.jpg,96,74,rect,222,159,318,233
240.jpg,16,40,rect,392,201,408,241
755.jpg,231,98,rect,27,145,258,243
755.jpg,25,61,rect,480,16,505,77
755.jpg,47,38,rect,525,23,572,61
505.jpg,171,223,rect,230,218,401,441
231.jpg,79,35,rect,71,339,150,374
435.jpg,132,152,rect,20,228,152,380
715.jpg,222,101,rect,297,146,519,247
